11110933
9920571
8322122
13848923
7367399
9868806
9166199
9202414
4838931
12668549
13407625
8346150
9149192
13310119
6738504
10065433
11545011
9999614
9088563
7356577
9123505
11108598
9882416
8469439
12454863
13608501
9235063
11102577
12420019
8340719
13182481
13249248
9920611
13572107
9910027
9918290
13373169
8431238
9916747
10070361
9121914
9939934
7067684
14918140
12827988
9954885
13376102
9918352
7077339
12424575
13343079
12828468
13676867
6933158
9165022
9930116
11081168
13495471
10096514
12576635
9885697
10904782
12480846
9174131
13440252
9239773
13406930
9986041
9873676
9073167
13788764
9164356
6828093
9919919
10924359
9249434
9873267
8433293
6949954
9899710
13679614
8431059
6850589
10937288
12924186
9154345
12851023
9980101
10915889
9991080
9896708
9903378
13393760
10015148
9992557
12733468
13405308
9908637
10082549
13675621
12640870
6931589
11078351
6975250
10084127
9135206
9150988
13314862
10932149
12668887
12765323
9904878
9909618
12767097
9926878
6753582
8362580
12992559
8432421
8464865
9954248
9108716
10069631
11060445
14229930
10087108
13404713
6836406
10084153
12862821
7099765
13676821
6795548
9993912
9950225
9107571
13313338
8341572
13675898
13692323
8334185
12895993
13246753
4261494
9916728
9084349
7273000
13760894
14624859
13607831
13552501
11108782
6801809
8331699
13373639
9101739
9076963
12392443
12423388
9134706
13375575
6865002
13407688
9939546
9151069
9876062
6961315
13496273
8277230
9139745
9124627
9896187
9135285
10921554
10939847
12896172
13317557
10069491
10947239
12542904
8268238
8388874
9950483
11077891
8350738
9194179
9929542
6821491
9939466
10017885
12989038
10000911
11068546
9173035
12926203
9248487
10064464
10012204
10914177
6079412
7086008
9125364
9165430
7066863
6756048
9162129
12572376
12421538
7099796
10085958
10932026
9941883
11408185
9160619
10933688
12670380
14961646
9998520
12453515
15006536
8296783
9205464
9876781
12514987
12928170
10925839
8373500
9973486
9165543
9941507
10072788
9905024
11543699
7077253
9168752
8557387
13639508
9911567
6992266
9890117
11072548
9155758
9132399
9149181
11061911
9193130
13279660
12544729
12395430
9903753
12481540
8372583
9884921
9123966
9993047
10021828
6832973
12636492
9124213
12862387
6889163
7084573
13344130
13969247
6820648
9908908
16229838
9243417
9873479
13444462
7099425
8292761
6901704
8415589
9980844
9190109
9865108
12800756
12360721
9215527
12390084
10794012
6771099
9172339
14396718
12640722
9939518
13761311
10954434
12960403
9107734
9923446
11068922
9901674
12467379
9917953
11093353
14643845
10901083
9903666
8351140
9886534
10038678
10954257
10098101
9077128
8466854
7065997
9911716
6118671
10068315
12827555
9901719
12543883
9871922
9099631
12735997
11097125
14879436
6854333
12767374
9902524
13280334
9205700
9177299
9160677
9093853
6843986
9089791
9911748
9879926
10923844
9151053
10909386
12865444
13277657
9230080
9904320
11071320
9935197
13406200
13439186
11105030
13437818
10015901
14947548
8298000
6987449
6848144
13280338
9914086
9893218
9939547
10954184
9935289
9919133
9910309
14796643
6774194
10064154
10931288
10926517
11073431
6088880
8337082
13244404
13760368
12798585
6737137
9861336
13342930
9996425
8352279
8348161
9994064
9125868
12543496
6956088
9930372
7074454
10953706
13440073
13759052
10070913
12714969
11108811
6947574
6825249
11068304
9153966
10071106
8358118
9905576
9212501
14304563
9919144
13693680
7046409
9220897
123657431
13213119
13845091
9905446
13755907
9148850
6782023
7022554
9976641
14068080
8438000
13759582
9939667
9924597
6795025
6993475
13677112
8446537
9936265
7068622
9183728
13437471
9249217
7080009
13343186
9165757
10918811
9986205
9919452
10926431
9905433
13679980
10925968
12391690
6857377
9905068
9917266
9112005
13788926
7096438
9940855
10954888
8320309
10929907
8373524
6752813
7049708
12395434
9898966
14228081
7001501
13085793
10926044
12800219
9867073
10063959
7030420
12363057
11063768
14050048
9939536
8438605
10092778
15342377
13211548
1424526
9862488
8448017
13547890
9203353
9902505
13244105
6791433
9922181
13349554
8432596
8382524
11060704
9934711
9165516
9983559
13753479
12575325
9902421
12514963
6799012
6721349
13057254
13153495
13992923
9103923
13926179
9250160
6945506
13692509
13753643
12800889
9999427
10004590
9873524
9868155
12991761
10075472
9941020
6812407
8432592
14047445
6199424
8010323
14914521
8349494
8282620
9987846
9891829
7081431
10015113
9164682
9938653
14045383
9944984
9155131
7047007
9920527
9075688
9885958
14770127
9922905
13813364
9186814
9186815
9969165
10099553
11068154
6988499
13696377
6794753
6983266
9932320
6070298
10932334
9948195
9969953
9975851
9999475
6139514
6928692
8340630
11075104
12424076
9070861
12542762
13345342
13993192
9159274
13608924
13733822
8302972
12514769
9885453
8267931
11081904
9134620
10004125
8309437
9959296
11106621
8445378
13085143
9888453
12420900
8301785
12767242
9881473
13342520
10927449
9120456
10008956
9904813
10077666
13753395
10934992
8483311
14042546
9923893
9124795
8483888
9188841
10063872
9938755
9886019
9257390
14624811
8327723
10931641
9242973
8345118
13413586
10022071
12481853
12865462
9921721
11542496
11064157
9244500
12896800
13374480
12390258
9111433
10060452
9101923
12485124
13961226
10925877
12957151
10007885
10092872
10939954
10913793
4980695
13152521
11063453
8442514
9114191
9117994
6877176
9724167
10093508
13057422
9979364
13149400
9065151
9901832
9169431
9938660
9168491
8400318
9939445
13316737
9919268
9903816
9939064
4806181
8430553
13971934
10086778
12862249
9904658
9165872
13762445
9211531
9922649
13183243
13184204
9919431
13753908
8314533
6078650
8462780
10008941
9899014
9869494
6921746
9923583
5988361
6993805
13056051
8344608
10929037
9915491
10064188
6837408
10069415
14046492
7036478
9938930
13760698
9871960
8344626
6541391
13315100
9202437
11066423
12896545
12452888
7080541
10063450
12605787
10073132
6912918
9939837
9902997
9922503
6070472
12576667
9187573
7016231
8386314
9954899
10902737
10070496
6048133
12829873
9922341
9920218
13344171
12514119
12605151
8480805
9111338
9911772
4913468
13244467
6855164
10910578
14006371
8336737
12892219
9194151
8399898
11100075
13845232
9872988
10014605
14043772
13759663
6976642
8364432
9181204
12608819
9254885
9221996
6828588
6846337
13741307
15935347
9908061
12514280
13756974
6933313
13497359
10911260
9229655
8337038
9904283
13736796
14948895
14800357
12957405
9134544
10900910
9901308
12702076
13310828
13025165
7061227
12636739
6985595
9921701
9148539
12638955
11070001
12955573
9160621
9083515
10080698
9887324
9994650
9176495
12993190
14228530
9149132
9938242
9909367
10098519
9988837
6741815
10067135
6980444
14293590
9154225
9940657
8432650
9865595
9883348
10082863
10064112
8354173
9939681
13757604
10015841
12481228
12451123
6870163
9911657
10062291
14418191
9895740
9919610
13133890
10060718
9936726
10075872
11060490
14450346
13375177
12639764
10917714
9168760
12575282
9909507
11089579
12992234
15280742
13847331
13180772
10908507
12769035
9253476
13087434
9154388
12603645
13404185
9151028
13676160
9986164
14946658
13757924
10061030
10914967
12545269
11262399
8329419
9115983
10904070
10060683
9111331
13316167
8311879
12864761
12927688
10060863
11065414
7069986
9908802
6924017
6931915
12896671
9138747
9215900
12364489
9950650
12832935
9165639
12829065
13859265
12419619
10085044
9909481
8302549
9909658
13182218
9931526
9897399
9240330
8465075
11066007
8363587
9904938
10946367
14909349
10070202
9930767
9902384
13764460
9165745
9139760
9930480
9924113
14244954
9996821
8342533
14051395
14038986
6817738
8399375
7094051
8449646
9172015
13217075
8342690
13315079
14450132
15015246
6984113
9916757
14413293
8431444
9875607
8404520
6920597
10911615
13675638
15026828
14069527
12865109
12394114
7052203
9969391
14007009
9104487
9928148
8449018
12894331
11108536
9939579
12864153
8376531
9903254
9939528
12737125
9168812
8464630
9116245
13493431
9102647
10062325
13373549
8698876
7096229
9081761
11064285
9920441
9938758
8307508
9243406
9102644
11073541
13153165
13245198
10084152
10063822
11109892
13971036
9901885
9983185
12361346
8332122
8430173
13464715
9901610
14617966
10069138
10069139
9172269
9201566
9166241
9154342
13549498
6808655
9123886
9916184
13407251
8423500
14478480
9259249
12924909
9163765
9151698
9924272
9172092
8333695
10070532
8350631
11072036
10078520
9187121
10034093
7088058
9149214
9924272        
9939466        
9950650        
6832973        
8334185        
8465075        
10069491       
9148689        
9124213        
9111338        
12865444       
8333695        
9865108        
13152521       
10073132       
6795025        
10915889       
9898966        
8362580        
9212501        
9186814        
9186815        
9149214        
10012204       
10070532       
9165022        
13149400       
6078650        
6837408        
10075872       
9936726        
9215527        
6828588        
9882416        
11108811       
10060452       
9205464        
13437818       
4261494        
9899014        
8349494        
9112005        
10954888       
7077339        
9869494        
12390084       
8483888        
12865109       
7061227        
13317557LP     
10004590       
10925877       
13464715       
9872988        
6945506        
9911716        
9950225        
13313338       
8311879        
9999427        
12451123       
11060490       
9172269        
13153495       
9187121        
12572376       
10070361       
8373500        
8302549        
9890117        
13992923       
8302972        
10061030       
13788926       
9944984        
10092778       
12829065       
10008956       
9160677        
9901885        
13496273       
9873267        
13244467       
10015148       
9919133        
12419619       
10004125       
14450346       
11060704       
6854333        
6984113        
8448017        
10067135       
7030420        
13211548       
7080541        
10914177       
9885697        
9154388        
9099631        
6825249        
10082549       
10069415       
8464865        
6791433        
9202437        
9938242        
9941507        
13679980       
9873524        
8298000        
12924909       
9172092        
10063822       
9902384        
13639508       
12392443       
13349554       
13753479       
9917953        
6975250        
10953706       
9939536        
13971036       
10021828       
6088880        
9928148        
13440252       
7094051        
7084573        
13762445       
8327723        
8314533        
8442514LP      
91606119       
13182481       
9121914        
8438000        
13280338       
10902737       
10099553       
13607831       
12892219       
9991080        
9166241        
9994650        
11105030       
9904813        
13315079       
13676160       
14770127       
12733468       
7074454        
8372583        
13761311       
9183728        
12668887       
13760894       
9124627        
12767374       
12424076       
12603645       
12454863       
15935347       
13316737       
11081904       
10000911       
12424575       
13406200       
8433293        
13246753       
6541391        
10017885       
9093853        
12829873       
9891829lp      
12514963       
13133890       
8336737        
9164682        
9996425        
9940855        
7086008        
9230080        
9242973        
9134620        
14244954       
10929907       
10933688       
9154225        
10085958       
14043772       
14800357       
9885958        
12576667       
9166199        
9861336        
12800889       
6947574        
10098101       
12957151       
9243406        
9905068        
9938660        
6737137        
6889163        
13813364       
9188841        
9169431        
9920218        
10794012       
10929037       
9987846        
9168760        
9895740        
6855164        
9248487        
9165516        
9903816        
9923893        
13406930       
10070913       
8344608        
14042546       
9138747        
9151069        
10910578       
6993805        
9168812        
9930372        
9993912        
9979364        
9983559        
10063959       
10064188       
9980844        
9924113        
12896671       
9193130        
9934711        
9165757        
9938758        
10034093       
10908507       
14069527       
12851023       
8469439        
7047007        
9976641        
9075688        
9135285        
13608501       
10913793       
6901704        
13057254       
9923446        
7065997        
8320309        
8466854        
9115983        
12481853       
10904070       
9885453        
13753643       
9139745        
9903378        
9867073        
8432650        
9935289        
9939681        
9215900        
10926517       
12575325       
13741307       
13497359       
9868155        
14228081       
9919431        
7099425        
10931641       
6795548        
9975851        
9904878        
13971934       
12668549       
9899710        
12545269LP     
9973486        
12639764       
10909386       
9935197        
9181204        
10093508       
9924597        
11064157       
6976642        
13495471       
13405308       
15006536       
9887324        
9202414        
13676867       
14068080       
13552501       
10911260       
6877176        
12576635       
12608819       
9998520        
12924186       
9165430        
13759663       
9901674        
9149192        
12605787       
9154345LP      
13376102       
7069986        
13314862LP     
9904283        
9162129        
9172015        
6980444        
9901832        
10015841       
12767242       
9922649        
12957405       
9111331        
12832935lp     
8342690        
7077253        
10918811       
13845091       
12394114       
6070298        
11073541       
10022071       
9089791        
7081431        
10932334       
8350738        
12864761       
13343079       
9911567        
4980695        
13692323       
15342377       
14961946       
8268238        
6921746        
13675898       
7367399        
6817738        
9168752        
13788764       
10063450       
8364432        
13277657       
14478480       
9897399        
10084152       
9996821        
12453515       
9862488        
8432592        
9886019        
13753395       
12862249       
13056051       
6993475        
9911657        
9134706        
4806181        
13373549       
9920527        
13057422       
6048133        
13755907       
13493431       
13787666       
9221996        
9896708        
7001501        
8331699        
13736796       
8340630        
14624859       
16229838       
12514119       
11078351       
9910027        
13153165       
9929542        
11063768       
13217075       
10946367       
6931915LP      
12894331       
11060445       
14617966       
12638955       
11066423       
12575282       
9117994        
14948895       
13344171       
11068154       
9235063        
9881473        
13244404lp     
12514769       
8431059        
9911783        
9902997        
13344130       
9939934        
10069138       
10069139       
14047445       
12989038       
10038678       
10931288       
14038986       
6808655        
12992559       
9257390        
9101923        
13764460       
8344626        
13245198       
9941020        
10070496       
8698876        
13373639       
9124795        
10007885       
9916757        
10924359       
13753908       
14045383       
9911748        
12896545       
9902421        
13444462       
14624811       
9916184        
9936265        
13547890       
8337082        
9930116LP      
13025165       
13393760       
13343186       
6801809        
12670380       
7099796        
9165639        
9939518        
9243417        
13244105       
11109892       
6988499        
10954257       
12542762       
14450132       
14245206       
12769035       
10071106       
8348161        
9994064        
9244500        
10064154       
9903753        
11089579       
9916728        
9903666        
10904782       
9123886        
11097125       
13757924       
13440073       
13374480       
9918352        
9922503        
13969247       
12798585       
11063453       
6721349        
13182218       
12423388       
11108536       
10008941       
13608924       
12514987       
9939667        
9939546        
9149181lp      
11061911       
9190109        
6741815        
8307508        
12927688       
9132399        
13213119       
6949954        
7099765        
11077891       
9918290        
8352279        
13404185       
10098519       
13993192LP     
13375177       
8292761        
12800756       
8363587        
12895993       
9108716        
9177299        
10900910       
9160621        
8415589        
10075472       
7080009        
10911615       
9940657        
9954899        
9114191        
7068622        
10082863       
9917266        
9865595        
11073431       
9187573        
9153966        
12827988       
6139514        
7049708        
11066007       
6753582        
8430173        
11068546       
8337038        
9980101        
9154342        
10939954       
9920611        
11072548       
9873676        
9249434        
13549498       
9724167LP      
9165543        
6857377        
8432421        
9173035        
14007009       
10947239       
12864153       
11108598       
9908061        
9911772        
10921554       
10925839       
8309437        
13439186       
10084153       
9883348lp      
8345118        
10080698       
8431238        
10914967       
10939847       
9073167        
9993047        
10062325       
9155131        
10064464       
8329419        
9905576        
123657431S     
10015901       
9904320        
11068304       
7016231 LP     
13437471       
13310119       
9070861        
10069631       
6821491        
6987449        
9873479        
9986205        
9948195        
6752813        
11064285 LP    
9923583        
9101739        
9888453        
12391690       
8432596        
9941883        
12636492       
8388874        
9239773        
10923844       
9254885        
10092872       
11545011       
12543883       
12640870       
6912918        
10087108       
9922905        
8386314        
8449018        
13845232       
8358118        
9102647        
8322122        
9939445        
13342930       
12390258       
8446537        
10077666       
8464630        
10064112       
8462780        
12865462       
9194179        
9123966        
8350631        
9103923        
14418191       
6070472        
13756974       
13407625       
6199424        
6928692        
11106621       
12737125       
9901308        
6920597        
10062291       
9151053        
7273000        
9909507        
10927449       
6850589        
6985595lp      
13848923       
12827555       
12514280       
8557387        
12452888       
13696377       
9107571        
12605151       
9229655        
9921701        
9922341        
9969165        
8382524        
14006371       
10068315       
9151698        
9084349        
10932149       
8351140        
8445378        
9939919        
11110933       
9902524        
14909349       
6924017        
12735997       
13316167       
8430553        
11100075       
8400318        
7046409        
15280742       
6799012        
6756048LP      
13375575       
10926044       
6794753        
9901610        
9163765        
13760368       
9165745        
14293590       
10925968       
13760698       
10060683       
10060718       
9904938        
13315100lp     
11081168       
10932026       
8267931        
6843986        
9104487        
9939528        
6812407        
13847331       
15015246       
9920571        
9919452        
9919144        
12714969       
10937288       
9240330        
10934992       
9205700        
4913468        
13279660       
9930767        
9159724        
11093353       
6079412        
9921721        
13926179       
12360721       
13757604       
14947548       
8438605        
12420900       
10014605       
12926203       
7052203        
9922191        
9969391        
13693680       
9905433        
14396718       
9905446        
9135206        
E-11262399     
13085143       
13373169LP     
12485124       
9905024        
14643845       
9919610        
6846337        
10063872       
12481228       
9954248        
9868806        
6828093        
12828468       
6771099        
13572107       
6992266        
9926878        
9910309        
9249217        
6738504 LP     
9250160        
9871922        
12640722       
14229930       
8341572        
9902505        
12960403       
12480846       
9134544        
5988361        
9986041        
11408185       
6865002        
9908637        
9920441        
6848144        
9909658        
10060863       
13087434       
8449646        
9871960LP      
9939837        
6931589        
6983266        
9149132        
10015113       
6870163        
9203353        
9165872        
9120456        
9893218        
7356577        
6830699        
9916747        
10096514       
13407688       
11065414       
8010323        
9901611        
8346150        
8332122        
9909481        
9164356        
11102577       
9954885        
9983185        
9123505        
8399375        
12420019       
9148539        
12395434       
9111443        
12992234       
10954184       
13679614       
13404713       
6933158        
7096438LP      
12544729       
12542904       
7088058        
10070202       
12395430       
13675621       
9988837        
11542496       
14304563       
13183243       
13184204       
6933313        
12361346       
11071320       
11543699       
9950483        
8282620        
10078520       
13310828       
9914086        
12800219       
9931526        
9896187        
7096229        
14914521       
9930480        
14228530       
8483311        
9247548        
13676821       
14918140       
6820648LP      
9077128lp      
12363057       
13677112       
13692509       
13180772       
9938755        
9999475        
7067684        
12702076       
9253476        
7066863        
9116245        
9168491        
8340719        
9148850        
10072788       
9172339LP      
12767097       
12955573 LP    
10086778       
12896172       
9107734        
10926431       
9909618lp      
8301785        
8399898        
9909367        
9886534        
11068922       
9125364        
10917714       
10085044       
12862387       
8431444        
10084127       
9125868        
13675638       
15026828       
9959296        
9211531        
14946658       
9915491        
13961226       
13859265       
9081761        
10901083       
13085793       
9908802        
12896800       
13759052       
12765323       
9939579        
8317438        
12543496LP     
11070001       
13733822       
13759582       
13342520       
8277230        
12928170       
14413293       
9102644        
4838931        
6118671        
11108782       
9155758        
9919919        
9904658        
9088563        
9150988        
9139760        
9938653LP      
14796643       
14046492       
12467379       
9919268        
12862821       
6774194        
12364489       
8376531        
9201566        
14050048       
12421538       
6782023        
8480805        
13345342       
8296783        
13280334       
9220897        
9083515        
6836406        
9076963        
9876781        
7022554        
9259249        
9986164        
9932320 LP     
14051395 LP    
10954434LP     
13855592       
13249248       
9901719        
9876062        
14879436       
6961315        
9176495        
9151028        
8342533        
9992557        
9903254        
9908908        
9939547        
9879926        
9999614        
12991761       
13413586       
10065433       
9969953        
6956088        
8423500        
8373524        
9938930        
9065151        
9939064        
9174131        
7036478        
9884921        
12481540       
12636739       
13407251       
9194151        
11075104       
8404520
